%YAML:1.0
---
myHogDector01: !!opencv-object-detector-hog
   winSize: [ 64, 128 ]
   blockSize: [ 16, 16 ]
   blockStride: [ 8, 8 ]
   cellSize: [ 8, 8 ]
   nbins: 9
   derivAperture: 1
   winSigma: 4.
   histogramNormType: 0
   L2HysThreshold: 2.0000000000000001e-01
   gammaCorrection: 1
   nlevels: 64
   signedGradient: 0
   SVMDetector: [ -1.44570507e-02, -3.62084396e-02, -2.07282118e-02,
       1.53498836e-02, 1.74229108e-02, -2.60382816e-02, -6.23837637e-04,
       -1.61754601e-02, -5.30434027e-03, 2.45483555e-02, -5.50208101e-03,
       -6.92564575e-03, 4.80901077e-03, 2.20916327e-02, 6.15558736e-02,
       1.13112712e-02, -4.42786841e-03, 1.34020690e-02, 1.90985687e-02,
       4.76721069e-03, 3.80510767e-03, 1.08961500e-02, 6.59844466e-03,
       -1.30480239e-02, -2.42876150e-02, -2.65936777e-02, 3.54610127e-03,
       5.91682224e-03, 1.03487717e-02, 1.51080405e-03, 2.06889901e-02,
       -1.72759555e-02, 3.44301388e-02, -2.56636273e-03, 3.88415763e-03,
       5.12862159e-03, -4.09486331e-03, -2.03940403e-02, 5.74954646e-03,
       -3.43616230e-05, 2.00353097e-02, 2.30597984e-02, 1.80990826e-02,
       1.76161937e-02, 1.87032353e-02, 1.17211714e-02, -5.03852405e-03,
       8.76786932e-03, 1.46011254e-02, 5.88518148e-03, 1.58508413e-03,
       2.12786216e-02, 2.92650200e-02, 4.80965385e-03, 5.89538878e-03,
       9.57726268e-04, -2.36407341e-03, 1.83015633e-02, -9.27637855e-04,
       1.15579851e-02, -8.57383106e-03, 6.01770310e-03, 6.67155767e-03,
       3.08303423e-02, 5.24823880e-03, -2.78811101e-02, 2.52666115e-03,
       -7.51435803e-03, 1.09734247e-02, 6.79605932e-04, -1.95920486e-02,
       7.22377002e-03, 1.06132275e-03, -5.81348687e-03, -6.53155195e-03,
       1.37531646e-02, 1.23551292e-02, 1.39653897e-02, 1.63750350e-02,
       -2.68572778e-03, -1.67125352e-02, -1.58544779e-02,
       -4.72381758e-03, 5.23231272e-03, 8.18357710e-03, -3.57326283e-03,
       6.19989540e-03, 6.50205044e-03, 2.17326097e-02, 2.18444020e-02,
       1.28318397e-02, 6.18150784e-03, -1.06782401e-02, 7.54489377e-03,
       -5.31021319e-03, -5.20439004e-04, 1.98784098e-03, -2.13597086e-03,
       -4.38116537e-03, 1.35110375e-02, -2.82510347e-03, 1.47080673e-02,
       9.93611570e-03, -4.87449486e-03, -1.88362040e-02, 1.83630381e-02,
       2.29061097e-02, 1.35905612e-02, -1.53237153e-02, 6.34858152e-03,
       6.07613614e-03, -1.37833850e-02, 1.08842626e-02, 8.03829823e-03,
       -9.63031221e-03, 1.56041890e-04, 1.71893393e-04, -1.15025053e-02,
       -1.60495378e-02, -2.96652154e-03, 2.32262071e-03, -2.60230689e-03,
       5.82545111e-03, -1.32754408e-02, -1.66815158e-03, -2.31586536e-03,
       -6.76670298e-03, 2.47011948e-02, 3.29238437e-02, 1.18832244e-02,
       1.34136928e-02, -9.76316107e-04, -3.25137307e-03, 2.47331709e-02,
       -2.01627889e-04, -1.32007143e-02, -1.20262811e-02,
       -1.04346601e-02, 5.04339521e-04, -1.37633635e-02, 4.23150463e-03,
       -2.30036248e-02, 2.44928477e-03, -2.11519003e-02, -2.02002600e-02,
       1.16006741e-02, -2.70106504e-03, 1.72048844e-02, 1.66913494e-02,
       -2.43333746e-02, -1.21644186e-02, 1.97334494e-02, -2.10673315e-03,
       -2.09175330e-02, -1.46984367e-03, -1.14759859e-02,
       -3.16209672e-03, 2.13432182e-02, -3.32404971e-02, -1.45249441e-02,
       2.36633439e-02, 9.92354378e-03, 2.52506783e-04, 2.19792947e-02,
       -9.35059413e-03, 1.96054787e-03, 1.61750708e-02, 3.56163480e-03,
       -2.41292710e-03, 2.38590632e-02, 1.80202432e-03, -2.51670480e-02,
       -2.76155886e-03, 2.98014260e-04, -3.29848262e-03, -9.00640339e-03,
       -1.59267448e-02, -1.88028533e-03, 2.23708544e-02, -1.04042143e-02,
       -1.16615379e-02, -2.54552830e-02, -3.17089334e-02,
       -9.04131774e-03, 2.34923474e-02, -6.54766569e-03, 9.38241556e-03,
       2.28299275e-02, 2.55386215e-02, -3.26224864e-02, -2.63613183e-02,
       -3.53879742e-02, -2.15760171e-02, 1.95548702e-02, -2.07200460e-02,
       -9.32407216e-04, -1.09574553e-02, -1.15278792e-02, 1.79921482e-02,
       -1.87143800e-03, 8.73046368e-03, 2.23241169e-02, -8.87312740e-03,
       4.75615216e-03, -2.80111469e-02, 1.98263619e-02, -7.49638490e-03,
       -1.13147860e-02, 1.58728287e-02, -4.88667807e-04, -1.40161887e-02,
       -6.90872362e-03, -7.94297433e-04, -1.31113315e-02,
       -1.45531334e-02, -3.13667059e-02, 8.19261093e-03, -6.47795061e-03,
       -2.73895599e-02, -4.03760001e-04, 3.88141274e-02, -4.44171997e-03,
       -1.71092730e-02, 1.41572356e-02, 2.12724376e-02, -1.87582318e-02,
       -1.39160827e-02, -4.36461642e-02, -2.49087512e-02, 8.02186038e-03,
       -1.58238150e-02, -4.17895056e-02, 2.69741956e-02, 6.43246947e-03,
       1.92101095e-02, 6.07340643e-03, 8.89975857e-03, 1.34520298e-02,
       1.62562206e-02, 2.64245756e-02, -3.88996629e-03, 9.95725044e-04,
       3.96477850e-03, -2.77906824e-02, -2.02787705e-02, -1.39635941e-02,
       -1.25191491e-02, -7.06811697e-05, 3.85740795e-03, -4.13440950e-02,
       2.47400720e-03, -2.36355364e-02, -1.09504554e-02, -3.48593341e-03,
       -1.77756194e-02, 2.06831079e-02, 3.18433419e-02, 5.76966791e-04,
       -2.32751109e-02, 3.90313528e-02, -3.46666179e-03, -7.68292416e-03,
       -1.69436783e-02, -1.72736100e-03, -4.86648735e-03, 2.40321942e-02,
       1.45108085e-02, -3.46953236e-02, 2.80352049e-02, -2.56786533e-02,
       7.55208638e-03, 2.45321859e-02, -8.31471104e-03, 1.58387795e-02,
       1.81308929e-02, 1.27178086e-02, -1.98386144e-02, 2.31597796e-02,
       1.32756196e-02, -1.70979258e-02, 7.37643521e-03, -3.45825367e-02,
       -8.45120847e-03, -3.76918749e-03, 5.01592830e-03, 1.06335860e-02,
       2.82723010e-02, -1.50908502e-02, 2.59331457e-04, -2.44152620e-02,
       -3.62899690e-03, 3.29682464e-03, 1.20891975e-02, 8.42238218e-03,
       -1.56963300e-02, 1.01043368e-02, 1.38742812e-02, -1.40524730e-02,
       9.97588504e-03, 1.08596105e-02, 1.44276479e-02, 3.00586708e-02,
       -4.47307806e-03, -5.05247107e-03, -1.08430125e-02,
       -2.51967404e-02, 4.63260803e-03, 6.33768039e-04, -1.51774148e-02,
       -1.28076086e-02, -2.35863663e-02, 1.01428460e-02, -1.71726002e-04,
       2.49854978e-02, 2.03423332e-02, -2.62884870e-02, -1.28977010e-02,
       5.55386161e-03, 2.53891759e-02, -1.23353694e-02, -1.99111607e-02,
       -8.25093687e-03, -2.80664256e-03, -2.59267259e-02,
       -2.27710232e-02, -3.52818577e-04, -1.27118696e-02, 1.03587853e-02,
       -1.32270865e-02, -7.44130276e-03, -5.95335709e-03,
       -2.24710517e-02, -1.79170910e-02, -1.45233534e-02, 3.55943921e-04,
       -3.38846557e-02, -3.05557828e-02, 1.10333711e-02, 2.75699608e-03,
       -4.25658748e-03, -8.06724746e-03, -8.06926005e-03,
       -3.96694895e-03, -1.18212365e-02, -1.27918636e-02, 2.32239068e-02,
       -1.88567918e-02, -2.06655171e-03, 1.10401493e-02, 2.49380805e-02,
       -1.46724023e-02, -2.25083418e-02, -8.88586417e-03,
       -2.71798391e-02, 8.36964790e-03, 3.33691086e-03, 1.16490284e-02,
       -3.13240243e-03, 1.40435556e-02, -2.59978846e-02, -5.11005637e-04,
       1.73927471e-02, -1.91850755e-02, -1.50936712e-02, 1.96148772e-02,
       -6.53539924e-03, -2.16950979e-02, 1.22962359e-04, 1.59312952e-02,
       -2.82413303e-03, 1.87519360e-02, -1.69561878e-02, 2.80205254e-02,
       1.41645141e-03, -5.85616566e-03, -2.91999802e-02, 9.81739257e-03,
       -2.05619656e-03, -2.03409512e-02, 7.29885465e-03, -6.35627308e-04,
       1.25503717e-02, 2.68436279e-02, 1.32752145e-02, -1.15781352e-02,
       2.69018617e-02, -2.93257143e-02, -1.87067781e-02, 1.29510332e-02,
       1.48956059e-02, 5.17478660e-02, 1.16790121e-03, 8.63669161e-03,
       -1.48946019e-02, 1.62384789e-02, -3.18336822e-02, -4.98124585e-03,
       1.92707386e-02, -1.65350437e-02, 1.93472765e-02, -1.66747707e-03,
       7.89828692e-03, -3.23005058e-02, 8.50905851e-03, -1.71173958e-03,
       -1.48091353e-02, 5.38202748e-03, -4.55296561e-02, -1.62073374e-02,
       -1.08690290e-02, -4.11406159e-03, -3.02165207e-02,
       -1.24463169e-02, -8.61952547e-03, 1.55095272e-02, 2.27839053e-02,
